N:0 H:512 W:512 T:1060249.401 Filter:1 ND:100 X:11.87550 Y:3.31550 Z:0.00000 ExpTime:200 EMGain:1 M:0.000 Tag: br_loc_04
N:1 H:512 W:512 T:1060249.401 Filter:1 ND:100 X:11.87550 Y:3.31550 Z:0.00000 ExpTime:200 EMGain:1 M:0.000 Tag: br_loc_04
