N:0 H:512 W:512 T:1075116.054 Filter:3 ND:100 X:11.87550 Y:3.31550 Z:114.99450 ExpTime:200 EMGain:1 M:0.000 Tag: atto_647_loc_04
N:1 H:512 W:512 T:1075116.054 Filter:3 ND:100 X:11.87550 Y:3.31550 Z:114.99450 ExpTime:200 EMGain:1 M:0.000 Tag: atto_647_loc_04
N:2 H:512 W:512 T:1075116.054 Filter:3 ND:100 X:11.87550 Y:3.31550 Z:114.99450 ExpTime:200 EMGain:1 M:0.000 Tag: atto_647_loc_04
