N:0 H:512 W:512 T:1327193.386 Filter:5 ND:0 X:11.87400 Y:3.31450 Z:126.39050 ExpTime:200 EMGain:1 M:0.000 Tag: atto488_loc_04
N:1 H:512 W:512 T:1327193.386 Filter:5 ND:0 X:11.87400 Y:3.31450 Z:126.39050 ExpTime:200 EMGain:1 M:0.000 Tag: atto488_loc_04
