N:0 H:512 W:512 T:1332324.986 Filter:3 ND:0 X:11.87400 Y:3.31450 Z:0.00000 ExpTime:200 EMGain:1 M:0.000 Tag: cy3_loc_04
N:1 H:512 W:512 T:1332324.986 Filter:3 ND:0 X:11.87400 Y:3.31450 Z:0.00000 ExpTime:200 EMGain:1 M:0.000 Tag: cy3_loc_04
