N:0 H:512 W:512 T:1066394.090 Filter:5 ND:100 X:11.87550 Y:3.31550 Z:112.35400 ExpTime:200 EMGain:1 M:0.000 Tag: atto488_loc_04
N:1 H:512 W:512 T:1066394.090 Filter:5 ND:100 X:11.87550 Y:3.31550 Z:112.35400 ExpTime:200 EMGain:1 M:0.000 Tag: atto488_loc_04
